0.0
0.07739938050508499
0.15479876101016998
0.23219814896583557
0.30959752202033997
0.38699689507484436
0.46439629793167114
0.5417956709861755
0.6191950440406799
0.6965944170951843
0.7739937901496887
0.8533666133880615
0.9375093579292297
1.0263028144836426
1.1198177337646484
1.2181230783462524
1.3212867975234985
1.4293748140335083
1.5424524545669556
1.6605831384658813
1.7838295698165894
1.9122531414031982
2.0459141731262207
2.1848721504211426
2.3291850090026855
2.478910446166992
2.6341049671173096
2.7948238849639893
2.961122512817383
3.133054494857788
3.310673236846924
3.4940311908721924
3.683180093765259
3.87817120552063
4.079054832458496
4.285881042480469
4.4986982345581055
4.717555999755859
4.942502021789551
5.173583507537842
5.4108476638793945
5.654340744018555
5.90410852432251
6.160196304321289
6.422649383544922
6.691511631011963
6.966827392578125
7.248640060424805
7.53699254989624
7.831928253173828
8.133488655090332
8.441715240478516
8.756650924682617
9.078335762023926
9.40680980682373
9.742115020751953
10.08428955078125
10.433375358581543
10.789409637451172
11.152432441711426
11.522481918334961
11.89959716796875
12.283815383911133
12.675174713134766
13.073712348937988
13.479464530944824
13.892470359802246
14.312765121459961
14.740385055541992
15.175365447998047
15.617743492126465
16.067554473876953
16.52483367919922
16.989614486694336
17.461933135986328
17.941823959350586
18.4293212890625
18.92445945739746
19.42727279663086
19.93779182434082
20.4560546875
20.98208999633789
21.515933990478516
22.0576171875
22.607173919677734
23.164636611938477
23.73003578186035
24.303403854370117
24.88477325439453
25.47417640686035
26.07164192199707
26.677204132080078
27.290891647338867
27.912736892700195
28.542768478393555
29.181020736694336
29.8275203704834
30.4822998046875
31.145387649536133
31.816814422607422
32.49660873413086
33.1848030090332
33.88142013549805
34.58649826049805
35.3000602722168
36.02214050292969
36.75276184082031
37.4919548034668
38.23974609375
38.99617004394531
39.76124954223633
40.535011291503906
41.31748962402344
42.10871124267578
42.908695220947266
43.71747970581055
44.53508758544922
45.36154556274414
46.19688415527344
47.04112243652344
47.8942985534668
48.75642776489258
49.62754821777344
50.50767517089844
51.39684295654297
52.29507827758789
53.20240020751953
54.11884307861328
55.04442596435547
55.97917938232422
56.92313003540039
57.87629699707031
58.83871078491211
59.81039810180664
60.7913818359375
61.78168487548828
62.78133773803711
63.79036331176758
64.80878448486328
65.83662414550781
66.87391662597656
67.9206771850586
68.97693634033203
70.04271697998047
71.11803436279297
72.20292663574219
73.29741668701172
74.4015121459961
75.5152587890625
76.63866424560547
77.77176666259766
78.9145736694336
80.06712341308594
81.22943115234375
82.40151977539062
83.58341217041016
84.77513885498047
85.97672271728516
87.18817901611328
88.40953063964844
89.64081573486328
90.88203430175781
92.13323211669922
93.3944091796875
94.66561126708984
95.94683837890625
97.2381362915039
98.53950500488281
99.85098266601562
101.1725845336914
102.50433349609375
103.84625244140625
105.1983642578125
106.5606918334961
107.93325805664062
109.31607818603516
110.70917510986328
112.11257934570312
113.52630615234375
114.95037841796875
116.38481140136719
117.82963562011719
119.28486633300781
120.75053405761719
122.22664642333984
123.7132339477539
125.21031951904297
126.71791076660156
128.23605346679688
129.76473999023438
131.3040008544922
132.85386657714844
134.4143524169922
135.98548889160156
137.56727600097656
139.1597442626953
140.76290893554688
142.37680053710938
144.00143432617188
145.63682556152344
147.2830047607422
148.94000244140625
150.60780334472656
152.2864532470703
153.97596740722656
155.67637634277344
157.38768005371094
159.10989379882812
160.8430633544922
162.5872039794922
164.34231567382812
166.1084442138672
167.8855743408203
169.67376708984375
171.47300720214844
173.2833251953125
175.10475158691406
176.9373016357422
178.78097534179688
180.6358184814453
182.50184631347656
184.37905883789062
186.26748657226562
188.1671600341797
190.0780792236328
192.00025939941406
193.93374633789062
195.8785400390625
197.8346710205078
199.80213928222656
201.78097534179688
203.7711944580078
205.7728271484375
207.78587341308594
209.81036376953125
211.8463134765625
213.8937530517578
215.95266723632812
218.0231170654297
220.10508728027344
222.1986083984375
224.3037109375
226.42039489746094
228.54869079589844
230.6885986328125
232.84014892578125
235.0033721923828
237.1782684326172
239.3648681640625
241.56317138671875
243.77320861816406
245.9949951171875
248.22854614257812
250.47389221191406
252.7310333251953
255.0
