0.0
12.709222793579102
21.660905838012695
28.22902488708496
33.60997009277344
38.25132751464844
42.377357482910156
46.11892318725586
49.560054779052734
52.7584114074707
55.755523681640625
58.58245086669922
61.26311492919922
63.81639862060547
66.25750732421875
68.598876953125
70.85086822509766
73.02216339111328
75.12016296386719
77.15121459960938
79.1208267211914
81.0337905883789
82.89431762695312
84.70614624023438
86.47257232666016
88.19657135009766
89.88079833984375
91.52764892578125
93.13928985595703
94.71768951416016
96.2646484375
97.78181457519531
99.27069091796875
100.732666015625
102.16902160644531
103.58094024658203
104.96951293945312
106.33576965332031
107.68064880371094
109.00503540039062
110.30976104736328
111.59559631347656
112.8632583618164
114.11343383789062
115.34677124023438
116.56385803222656
117.76526641845703
118.95153045654297
120.1231689453125
121.28064727783203
122.42443084716797
123.55494689941406
124.672607421875
125.77779388427734
126.87088012695312
127.95222473144531
129.02215576171875
130.0810089111328
131.1290740966797
132.16665649414062
133.1940155029297
134.21144104003906
135.2191925048828
136.21749877929688
137.20660400390625
138.18673706054688
139.15811157226562
140.1209259033203
141.07540893554688
142.021728515625
142.96009826660156
143.8906707763672
144.81361389160156
145.7291259765625
146.63734436035156
147.53843688964844
148.4325408935547
149.31982421875
150.2003936767578
151.07440185546875
151.94198608398438
152.8032684326172
153.6583709716797
154.50741577148438
155.3505096435547
156.18775939941406
157.019287109375
157.84519958496094
158.66558837890625
159.48056030273438
160.2902069091797
161.09461975097656
161.89389038085938
162.68812561035156
163.4773712158203
164.26174926757812
165.04132080078125
165.81617736816406
166.5863800048828
167.3520050048828
168.11314392089844
168.86984252929688
169.6221923828125
170.37025451660156
171.1140899658203
171.853759765625
172.58934020996094
173.3208770751953
174.04843139648438
174.77207946777344
175.49185180664062
176.20782470703125
176.9200439453125
177.62857055664062
178.3334503173828
179.0347137451172
179.73243713378906
180.42666625976562
181.11744689941406
181.8048095703125
182.4888153076172
183.16949462890625
183.846923828125
184.52110290527344
185.1920928955078
185.8599395751953
186.52467346191406
187.18634033203125
187.844970703125
188.5006103515625
189.15328979492188
189.80303955078125
190.44992065429688
191.09393310546875
191.73513793945312
192.37355041503906
193.0092010498047
193.64215087890625
194.27239990234375
194.89999389648438
195.52496337890625
196.14732360839844
196.76712036132812
197.38438415527344
197.99911499023438
198.6113739013672
199.22117614746094
199.82855224609375
200.43350219726562
201.0360870361328
201.63632202148438
202.23422241210938
202.82980346679688
203.42312622070312
204.01417541503906
204.60299682617188
205.18960571289062
205.77401733398438
206.3562774658203
206.93637084960938
207.5143585205078
208.09024047851562
208.66403198242188
209.2357635498047
209.80545043945312
210.3731231689453
210.93878173828125
211.50245666503906
212.06417846679688
212.6239471435547
213.18177795410156
213.73770141601562
214.29173278808594
214.84390258789062
215.39419555664062
215.94265747070312
216.48928833007812
217.0341033935547
217.57713317871094
218.11839294433594
218.6578826904297
219.1956329345703
219.7316436767578
220.2659454345703
220.79855346679688
221.3294677734375
221.8587188720703
222.3863067626953
222.91224670410156
223.43655395507812
223.95925903320312
224.48036193847656
224.99986267089844
225.51779174804688
226.03416442871094
226.54898071289062
227.062255859375
227.5740203857422
228.08425903320312
228.59300231933594
229.10025024414062
229.60601806640625
230.11033630371094
230.61318969726562
231.11459350585938
231.6145782470703
232.11312866210938
232.61029052734375
233.1060333251953
233.60040283203125
234.0933837890625
234.58499145507812
235.07525634765625
235.5641632080078
236.05174255371094
236.53799438476562
237.02291870117188
237.5065460205078
237.98886108398438
238.4698944091797
238.9496612548828
239.4281463623047
239.90536499023438
240.38133239746094
240.85606384277344
241.32955932617188
241.80181884765625
242.2728729248047
242.7427215576172
243.2113494873047
243.67880249023438
244.1450653076172
244.6101531982422
245.07408142089844
245.53683471679688
245.99844360351562
246.4589080810547
246.91822814941406
247.37643432617188
247.83351135253906
248.2894744873047
248.74432373046875
249.1980743408203
249.65074157714844
250.10232543945312
250.55282592773438
251.0022430419922
251.4506072998047
251.89791870117188
252.34417724609375
252.7893829345703
253.23355102539062
253.67669677734375
254.1188201904297
254.55990600585938
255.0
