0.0
31.875
50.52067947387695
63.75
74.01145935058594
82.39568328857422
89.48443603515625
95.625
101.0413589477539
105.88645935058594
110.2693862915039
114.27068328857422
117.9515151977539
121.35943603515625
124.53213500976562
127.5
130.28787231445312
132.91636657714844
135.40269470214844
137.76145935058594
140.00511169433594
142.14437866210938
144.18853759765625
146.1456756591797
148.02291870117188
149.82652282714844
151.56204223632812
153.23443603515625
154.84814453125
156.40713500976562
157.91500854492188
159.375
160.79006958007812
162.16287231445312
163.4958953857422
164.79136657714844
166.05133056640625
167.27769470214844
168.47219848632812
169.63645935058594
170.77197265625
171.88011169433594
172.96218872070312
174.01937866210938
175.0528106689453
176.06353759765625
177.05252075195312
178.0206756591797
178.9688720703125
179.89791870117188
180.80856323242188
181.70152282714844
182.5774688720703
183.43704223632812
184.2808380126953
185.10943603515625
185.92337036132812
186.72314453125
187.50924682617188
188.28213500976562
189.04225158691406
189.79000854492188
190.5258026123047
191.25
191.9629669189453
192.66506958007812
193.35659790039062
194.03787231445312
194.70921325683594
195.3708953857422
196.023193359375
196.66636657714844
197.3006591796875
197.92633056640625
198.54359436035156
199.15269470214844
199.75381469726562
200.34719848632812
200.93301391601562
201.51145935058594
202.0827178955078
202.64697265625
203.20437622070312
203.75511169433594
204.29933166503906
204.83718872070312
205.3688201904297
205.89437866210938
206.41400146484375
206.9278106689453
207.4359588623047
207.93853759765625
208.43568420410156
208.92752075195312
209.41415405273438
209.8956756591797
210.37222290039062
210.8438720703125
211.3107452392578
211.77291870117188
212.23048400878906
212.68356323242188
213.1322021484375
213.57652282714844
214.01657104492188
214.4524688720703
214.88426208496094
215.31204223632812
215.73587036132812
216.1558380126953
216.57200622558594
216.98443603515625
217.39320373535156
217.79837036132812
218.1999969482422
218.59814453125
218.9928741455078
219.38424682617188
219.77232360839844
220.15713500976562
220.5387725830078
220.91725158691406
221.2926483154297
221.66500854492188
222.0343780517578
222.4008026123047
222.7643280029297
223.125
223.4828643798828
223.8379669189453
224.1903533935547
224.54006958007812
224.8871307373047
225.23159790039062
225.57350158691406
225.91287231445312
226.24977111816406
226.58421325683594
226.91624450683594
227.2458953857422
227.5731964111328
227.898193359375
228.2209014892578
228.54136657714844
228.85960388183594
229.1756591796875
229.48956298828125
229.80133056640625
230.11099243164062
230.41859436035156
230.72415161132812
231.02769470214844
231.32923889160156
231.62881469726562
231.9264678955078
232.22219848632812
232.5160369873047
232.80801391601562
233.09814453125
233.38645935058594
233.6729736328125
233.9577178955078
234.24070739746094
234.52197265625
234.801513671875
235.07937622070312
235.35557556152344
235.63011169433594
235.9030303955078
236.17433166503906
236.4440460205078
236.71218872070312
236.97877502441406
237.2438201904297
237.50735473632812
237.76937866210938
238.02992248535156
238.28900146484375
238.546630859375
238.8028106689453
239.05758666992188
239.3109588623047
239.56292724609375
239.81353759765625
240.0627899169922
240.31068420410156
240.55726623535156
240.80252075195312
241.04647827148438
241.28915405273438
241.53054809570312
241.7706756591797
242.0095672607422
242.24722290039062
242.48365783691406
242.7188720703125
242.95289611816406
243.1857452392578
243.4174041748047
243.64791870117188
243.8772735595703
244.10548400878906
244.33258056640625
244.55856323242188
244.78343200683594
245.0072021484375
245.2299041748047
245.45152282714844
245.6720733642578
245.89157104492188
246.1100311279297
246.3274688720703
246.5438690185547
246.75926208496094
246.97364807128906
247.18704223632812
247.39944458007812
247.61087036132812
247.8213348388672
248.0308380126953
248.23939514160156
248.44700622558594
248.6536865234375
248.85943603515625
249.06427001953125
249.26820373535156
249.4712371826172
249.67337036132812
249.87461853027344
250.0749969482422
250.27450561523438
250.47314453125
250.67092895507812
250.8678741455078
251.06398010253906
251.25924682617188
251.4536895751953
251.64732360839844
251.8401336669922
252.03213500976562
252.2233428955078
252.4137725830078
252.6033935546875
252.79225158691406
252.98033142089844
253.1676483154297
253.3542022705078
253.54000854492188
253.72506713867188
253.9093780517578
254.09295654296875
254.2758026123047
254.45791625976562
254.6393280029297
254.8200225830078
255.0
