0.0
0.021983956918120384
0.04445120692253113
0.0674123764038086
0.09087832272052765
0.11486014723777771
0.1393691897392273
0.16441702842712402
0.1900155246257782
0.21617677807807922
0.242913156747818
0.2702372968196869
0.2981621325016022
0.326700896024704
0.35586702823638916
0.3856743276119232
0.4161369502544403
0.4472692310810089
0.4790859520435333
0.5116021037101746
0.5448331236839294
0.5787946581840515
0.6135028004646301
0.6489740014076233
0.6852249503135681
0.7222728729248047
0.7601352334022522
0.798829972743988
0.8383753895759583
0.8787901401519775
0.9200933575630188
0.9623046517372131
1.005443811416626
1.0495314598083496
1.094588279724121
1.14063560962677
1.1876952648162842
1.23578941822052
1.2849409580230713
1.3351730108261108
1.3865092992782593
1.4389742612838745
1.4925925731658936
1.5473896265029907
1.6033912897109985
1.6606241464614868
1.719115138053894
1.7788920402526855
1.8399831056594849
1.9024171829223633
1.9662238359451294
2.03143310546875
2.098076105117798
2.1661839485168457
2.2357892990112305
2.306924819946289
2.3796238899230957
2.4539215564727783
2.5298523902893066
2.607452392578125
2.686758518218994
2.767808198928833
2.8506393432617188
2.9352917671203613
3.0218050479888916
3.110220193862915
3.2005791664123535
3.292924404144287
3.3873000144958496
3.483750104904175
3.5823206901550293
3.683058261871338
3.786010503768921
3.891225814819336
3.9987542629241943
4.108646869659424
4.220954895019531
4.335732460021973
4.453032970428467
4.572912216186523
4.6954264640808105
4.820634841918945
4.94859504699707
5.079369068145752
5.213017463684082
5.34960412979126
5.489193439483643
5.631851673126221
5.777646064758301
5.926645755767822
6.078920841217041
6.234543323516846
6.393587112426758
6.556127548217773
6.722240924835205
6.8920063972473145
7.06550407409668
7.242815971374512
7.424025535583496
7.609219074249268
7.798483848571777
7.991909027099609
8.189586639404297
8.391610145568848
8.598074913024902
8.80907917022705
9.024721145629883
9.24510383605957
9.470332145690918
9.70051097869873
9.935750961303711
10.176161766052246
10.421858787536621
10.672955513000488
10.929574012756348
11.191832542419434
11.459857940673828
11.73377513885498
12.013713836669922
12.299806594848633
12.592188835144043
12.890998840332031
13.196377754211426
13.50847053527832
13.827424049377441
14.153389930725098
14.486520767211914
14.82697582244873
15.174915313720703
15.53050422668457
15.89391040802002
16.265304565429688
16.644865036010742
17.03276824951172
17.429201126098633
17.834346771240234
18.24839973449707
18.67155647277832
19.104015350341797
19.54598045349121
19.997663497924805
20.459274291992188
20.931034088134766
21.413166046142578
21.905895233154297
22.40945816040039
22.924089431762695
23.450037002563477
23.987545013427734
24.5368709564209
25.0982723236084
25.672014236450195
26.258371353149414
26.85761833190918
27.47003936767578
28.095922470092773
28.735567092895508
29.389270782470703
30.057348251342773
30.7401123046875
31.437885284423828
32.150997161865234
32.87978744506836
33.62459945678711
34.38578414916992
35.16370391845703
35.95872497558594
36.77122497558594
37.601585388183594
38.45020294189453
39.317474365234375
40.20381164550781
41.10963439941406
42.035369873046875
42.9814567565918
43.94834518432617
44.936485290527344
45.946353912353516
46.97842025756836
48.03317642211914
49.11111831665039
50.2127571105957
51.338619232177734
52.489227294921875
53.66513442993164
54.86688995361328
56.095062255859375
57.35023880004883
58.63300704956055
59.94397735595703
61.28376770019531
62.653011322021484
64.05235290527344
65.48246765136719
66.94401550292969
68.43769073486328
69.96420288085938
71.52427673339844
73.11865234375
74.7480697631836
76.41331481933594
78.11516571044922
79.85443115234375
81.63192749023438
83.4485092163086
85.30501556396484
87.20234680175781
89.1413803100586
91.123046875
93.14827728271484
95.21802520751953
97.33328247070312
99.49503326416016
101.70431518554688
103.962158203125
106.26964569091797
108.62785339355469
111.03791046142578
113.50094604492188
116.01812744140625
118.59065246582031
121.2197265625
123.90660095214844
126.65254211425781
129.45884704589844
132.32684326171875
135.25790405273438
138.25338745117188
141.31472778320312
144.44337463378906
147.6407928466797
150.90850830078125
154.248046875
157.66102600097656
161.14901733398438
164.7136993408203
168.3567352294922
172.07986450195312
175.8848419189453
179.7734832763672
183.74758911132812
187.80908203125
191.95985412597656
196.20187377929688
200.53713989257812
204.9677276611328
209.49571228027344
214.1232452392578
218.85250854492188
223.68572998046875
228.62521362304688
233.67327880859375
238.83233642578125
244.10479736328125
249.4931640625
255.0
